#emulator
wavelength i10 i09 i08 i07 i06 i05 i04 i03 i02
180.500000 8189.862094 7040.573541 5665.114556 4352.719631 3163.633378 2410.671131 1583.759423 854.459611 310.268256
181.500000 10875.564722 9288.532220 7558.331267 5841.242540 4274.322381 3288.276889 2196.950000 1201.817040 438.147339
182.500000 10281.608784 8870.174886 7193.615663 5573.391776 4095.326402 3144.443365 2099.913954 1153.196959 421.841733
183.500000 14465.244464 12479.845236 10212.149705 8068.568457 5942.355920 4628.089107 3147.386452 1814.223051 674.701039
184.500000 10476.582074 9061.110047 7411.443737 5812.813801 4246.319412 3286.753255 2201.474003 1235.274088 468.377055
185.500000 15302.332296 13233.300771 10831.136364 8539.573034 6304.211386 4887.894562 3332.643944 1893.827668 710.063720
186.500000 15432.473986 13506.302428 10925.047327 8473.452994 6225.124676 4844.190068 3237.693985 1780.639902 638.602600
187.500000 11546.973676 10079.157283 8079.748176 6254.004195 4417.679425 3418.486612 2178.661166 1142.643304 401.900451
188.500000 21603.681487 18824.799396 15274.631052 12031.899630 8894.356807 6937.124052 4672.996753 2620.996429 954.705945
189.500000 42468.584527 36714.300337 30368.591507 24193.150420 18227.355173 14231.594203 9877.298233 5785.542720 2221.983907
190.500000 41508.327259 35588.180597 29283.692705 23128.805420 17455.628423 13418.226388 9126.707922 5213.994161 2017.735647
191.500000 47779.294562 40946.282672 33441.841239 26297.507260 19971.607258 15036.507722 10058.936168 5541.894622 2149.035228
192.500000 29921.539817 25368.895722 19934.772699 15296.460833 11494.343442 7992.372847 5084.972348 2485.433336 966.388232
193.500000 491.864904 396.696467 322.138564 240.185526 176.035787 127.748906 95.775559 50.501907 31.539769
194.500000 41484.989376 35158.483985 27777.552284 21310.116888 16173.349974 11306.928792 7237.866623 3577.241816 1402.065664
195.500000 98882.085798 84644.577801 69437.537286 54956.207081 42109.543444 32071.202127 21695.959898 12186.789495 4773.724478
196.500000 133695.080007 115273.371665 94975.573153 75547.433364 58213.163551 44823.343645 30790.942123 17953.796658 7080.842381
197.500000 183208.243105 158350.197770 131288.424558 105632.601996 81072.637561 63762.512722 44614.266771 26823.160504 10644.735957
198.500000 192287.871103 166485.457659 138541.558590 110627.520357 85149.904305 66670.454449 46384.865552 27835.174308 11065.718260
199.500000 201944.421261 174520.263928 145641.191659 116162.735252 89140.897039 70066.980460 49009.659175 29634.141004 11905.716133
200.500000 235679.707762 204009.015042 169485.178779 136156.436716 104830.919459 82265.524534 57417.293610 34721.918651 14010.468305
201.500000 305743.889261 264478.686913 220613.120364 177303.650753 136785.937240 107216.185749 74774.821419 45035.148143 18229.125233
202.500000 213598.197686 184818.009299 151695.944484 121824.238123 93358.886118 72337.914969 49850.910226 29431.530618 12216.059126
203.500000 363623.545661 315560.568083 263596.806016 212616.460284 165179.762975 129759.708451 91054.469991 55819.807288 22842.084453
204.500000 479533.884599 416407.300221 348769.663290 281970.287738 219556.731931 173260.564539 122202.742753 75056.883466 30809.148467
205.500000 564272.436105 488857.819268 409257.939843 332289.157978 258184.891819 204776.805491 144562.880745 89155.871063 36671.416417
206.500000 621463.891683 538550.781063 452795.818380 367635.626789 285707.403398 226567.629265 159771.870351 98784.645611 40836.246049
207.500000 306886.864470 264023.865142 215368.887604 173449.064144 137231.101517 100859.393663 70934.540895 42144.572364 19553.324812
208.500000 2912501.899789 2676748.649006 2358498.508671 2078757.551500 1783547.842314 1516759.805918 1234232.099433 964367.521372 622220.803697
209.500000 11248480.424498 9536187.892851 7858256.919894 6501180.488212 5208395.036245 4209133.367536 3212944.508163 2387114.112890 1523411.725588
210.500000 32721624.930624 24585189.378136 18353200.262615 13858490.005843 10271863.054464 7623762.596698 5436278.566154 3743698.645283 2270120.961519
211.500000 273678248.137159 160691694.863917 95653819.292812 58722595.482582 36702003.876176 23581066.083387 14930224.669088 9117943.682585 5139312.139922
212.500000 76354919.967208 52723577.771403 36548945.444933 25678724.701593 17872256.309221 12473334.097856 8428539.538849 5394160.196208 3119591.935005
213.500000 284841935.049838 173244450.196706 106579693.969144 67303424.746862 42975355.968827 28022360.397431 17951000.231346 11023588.577167 6264658.225410
214.500000 492449889.627082 286405605.177826 168599096.879724 102442868.265091 63185746.075941 39985757.346872 24875474.923164 14841184.427004 8270546.656444
215.500000 263998267.923409 164592544.559063 103954138.689976 67379426.095013 44019722.312048 29143280.646390 18944112.637099 11785093.860344 6774043.980977
216.500000 156437891.942251 106459165.913472 73047977.852419 51279246.986885 35827851.941765 25277532.765319 17289970.049253 11359605.051892 6760740.866833
217.500000 127129675.574001 90119507.014351 63953081.176702 46256636.329991 33108598.385274 24012587.432183 16818734.276977 11388615.569011 6916221.269313
218.500000 823191148.105503 486834134.389101 290263928.602023 177895170.595592 109832072.681899 69238912.506820 42656654.591867 24944394.325842 13788543.423069
219.500000 448031827.010602 289345928.378263 189377347.251044 126902403.739689 85379301.776112 58071840.216582 38562092.034345 24593839.317441 14432078.725373
220.500000 573429025.201652 358741984.822572 226845736.133485 147293664.757662 96829651.515951 64941837.776446 42815148.835882 27333347.995361 16054196.795783
221.500000 317904564.407492 219160073.886023 151470412.192282 106129078.844615 73560150.331660 51226087.340229 34702866.446226 22400626.298285 13185277.432734
222.500000 2137338964.623760 1268354117.996907 749369813.176092 447033415.804384 266532690.586568 162157598.194582 96480403.322542 54510510.838517 29592806.061533
223.500000 2612567374.123740 1537150635.171532 903836718.651760 539565418.798379 323593675.420043 198001874.176800 118416546.030970 66967128.474258 36538993.648734
224.500000 2047177862.540941 1270248366.867086 790506745.401879 498230077.181499 312804926.107363 198405179.071911 122415737.549666 71282210.221173 39751511.267708
225.500000 735202335.571941 508554405.755759 352138951.050212 245835276.494471 169651268.759141 117291367.424596 78910403.585907 50753894.489194 30369573.291422
226.500000 384691840.506716 287703674.200745 213185294.529502 159135975.881082 116609916.900142 85456032.047332 60341445.645301 41204486.733296 25382792.505019
227.500000 240990363.582837 188871483.915879 146746001.188997 114453735.100342 87330793.710857 66720737.420452 48975585.086884 34897016.699719 22169697.992469
228.500000 1240476363.512414 811375193.296274 535868465.593452 360652845.409933 243155121.761976 165322419.396695 109989362.096196 69964886.343405 41577482.862847
229.500000 477264859.922094 357704603.466305 266834288.966635 200192006.456167 147644242.949991 108868080.521187 77539647.224936 53147416.547890 33056987.252972
230.500000 1987434156.172417 1291840469.049116 845825158.877638 562158181.692973 373242712.236035 249808078.883909 163399105.027518 102012192.472861 60005686.241188
231.500000 923234461.276073 661658075.340597 473298161.772825 340316764.342085 241431523.778629 171376533.005324 118382575.512844 77606601.577543 46998184.970333
232.500000 1301987899.531378 927982284.796559 659369116.055724 470508453.266540 330165687.829625 231094229.148394 157191080.022331 101466719.924260 60870949.893680
233.500000 2849946663.361022 2014715177.836501 1408435512.358800 977577605.625703 662643603.667794 446276836.486778 290046006.788082 177497512.256155 103008918.623118
234.500000 1617213963.319984 1196435247.883392 875370085.393781 635389838.552466 449850106.300708 316783289.944771 215957858.476433 139361232.365975 84592121.442249
235.500000 3689786853.647522 2504421524.833675 1693917796.192713 1149966817.472890 768576826.836996 514724273.506395 334493054.119336 205863092.379902 120482095.728260
236.500000 1755367863.325810 1294202302.594684 943978093.825659 686034096.942257 487425280.486795 344706773.836697 236022232.908694 153917835.014375 93593584.410726
237.500000 1825724609.428234 1329343353.363404 961966921.792655 698642432.486086 499846298.158068 357498907.743365 248191394.707218 165395358.604993 101951146.921623
238.500000 1637818646.650056 1268046750.942951 970131108.178742 735343859.320492 542490106.489677 397823960.665652 282676038.619864 191174280.849706 120468062.291970
239.500000 2284759046.083614 1713106577.892992 1269806365.317520 937187568.033292 675372782.454347 484354915.316576 336342330.414607 222736113.028355 137788385.438974
240.500000 3883030673.101893 2879083082.501797 2104546084.522502 1523949814.780680 1073816768.398927 750179351.244830 506438460.046323 323462647.164630 195053727.304244
241.500000 2537201616.627724 1923545035.108274 1445378964.512915 1077949447.456810 786001973.927099 569972770.895643 400501763.620226 268195768.322652 167920191.552312
242.500000 4452708486.876647 3135013617.247518 2201784377.776917 1549188160.545224 1075276916.121340 744377239.013984 500975595.917298 319113660.927230 191723435.288467
243.500000 3405762293.065679 2514925194.039150 1846301067.677179 1352811154.198437 974885154.408175 697195769.823633 484912545.553078 320464382.988314 198505959.718120
244.500000 6256739744.416457 4437026701.021456 3136819230.114516 2223933877.835974 1551712197.439659 1079001482.927054 728814109.014751 468208967.257411 284793443.388377
245.500000 5759528547.754105 4125694901.109402 2946317088.122166 2112957360.335781 1492890304.780922 1050879897.100722 719276097.514063 469820484.773656 288620894.447699
246.500000 2628432673.683509 2036288596.972665 1559998735.696903 1193476088.861676 894106616.350220 666869099.920517 480521419.034223 331855352.347762 210956788.433486
247.500000 1631080354.097051 1294092701.088264 1013826378.771289 793559479.377242 606767177.109912 463260830.971014 341294869.701599 239346906.715229 153880950.408522
248.500000 186639447.505667 164692192.136104 140910641.307462 119968240.698306 99014162.612853 80052187.594491 61658262.943014 42052615.806520 25785968.041074
249.500000 1677019916.559741 1332308139.641783 1044148392.309571 817503372.627813 624615142.090346 475002774.617782 348682632.273206 243495908.477841 156331864.451170
250.500000 3473739711.247896 2708752945.559846 2087368669.522086 1603133717.513729 1205245449.002395 902016779.442237 651939272.270590 451081096.539436 288001223.906134
251.500000 400117596.738994 359001292.298854 316268430.511522 277995341.295209 237325213.115024 201768162.877854 165838290.774868 127636696.741623 88658861.227261
252.500000 260430903.166817 239819810.708057 215193068.623995 192018159.920279 165715027.290885 142004406.999364 116782810.541550 88603585.434069 59667451.681220
253.500000 1353966428.705051 1212522607.176353 1069869029.364086 939046188.574753 802263622.111217 683836449.749668 561834919.974380 449653372.055585 322143603.625779
254.500000 1464425587.967617 1286347317.987943 1111091809.375524 956030679.168448 799228293.392146 666539152.816230 532878272.161619 411108909.385348 284194030.990935
255.500000 17844619718.345226 13700571717.072672 10385309790.515242 7787049733.258007 5689678183.470998 4088879690.493695 2838216579.234679 1843886009.676064 1136258031.434597
256.500000 17551952844.622314 13733127935.912437 10622326095.057104 8136268707.902345 6085188616.303599 4473973547.560085 3177026177.660302 2110117034.476190 1327486253.919305
257.500000 76546606987.405914 54526251188.452805 37870754049.681648 25714713053.406647 16880632345.266626 10751931572.707983 6608523289.717215 3741687666.094180 2070872176.906503
258.500000 252833407356.659180 181188569112.653503 125361089173.689423 83759417410.649460 53502750881.233070 32353943308.946617 18424398209.435703 9178889022.970913 4488441844.178565
259.500000 77809358048.191193 59154331197.403473 44049105117.929062 32053795891.463963 22503547411.093475 15306947720.334459 9860665033.218828 5734178853.880562 3205029088.829639
260.500000 134853061073.842331 99650141858.224548 71992594294.891724 50814839191.980278 34519600723.747948 22643936364.881611 14082815275.044153 7866346159.304874 4229167571.864765
261.500000 54282677830.084381 41454824189.759735 31099829144.944748 22935279734.577652 16380313866.114374 11407255620.099157 7590838046.210839 4626591571.988149 2688973315.627973
262.500000 114359540780.702972 85530791664.235275 62756916905.864700 45077159450.102234 31237690105.440220 20980871660.252308 13342833795.240044 7678127885.395517 4204391934.770974
263.500000 762083558904.959717 534190575100.605286 359144017221.174744 231047794046.429108 141485257414.068024 80820056470.053406 43069933950.622902 19532444102.535210 8822907208.235216
264.500000 461587739413.004395 315771980206.646973 207361548432.117035 130914194308.317719 78856163606.324799 45084305372.259804 24514377248.042164 11894815470.730690 5824728876.273380
265.500000 2173383350944.551514 1504762680426.853760 989856713224.591553 614922653973.343018 360218543473.063354 192383776008.838531 93732467991.134766 36755307751.274933 14686648024.171785
266.500000 369633926347.062317 261931035897.421936 179865703413.113708 119634216837.327850 76398243279.745590 46548263955.420410 27031819551.707676 14007090256.786110 7170466648.208153
267.500000 713786417503.455688 501038496516.395264 339185177785.932434 221059886681.130859 137645338148.332581 81128476930.809235 45118757110.721329 22086021034.649918 10687630567.551842
268.500000 1467267965112.399414 1019558452385.876099 677885894535.522339 429819497340.333191 258342526798.168701 143895125771.742615 74345528332.709534 32299671287.176777 14080802133.688463
269.500000 454192455558.887451 318613369792.330688 215484056177.793427 141139447071.888611 88465667921.390717 52886612673.647278 30138869798.231945 15405655806.897881 7844725158.157032
270.500000 677502617507.981689 476791276110.002563 322957601711.583496 210749947978.172272 131424078247.320038 77531769088.692688 43236831192.990570 21271058140.431248 10436375011.761477
271.500000 115453741501.060516 81853262120.245041 56668285819.307907 38427345241.796066 25432684673.882702 16523175967.075701 10497579065.971069 6323162829.666718 3739153027.152252
272.500000 74159274066.950806 55381302090.516212 40489351384.284019 29107480017.175240 20443960143.114216 14078931806.078178 9440558651.329971 6021571166.691051 3689699016.235075
273.500000 59483196590.026299 45606652420.777084 34513093037.208763 25863880081.847157 18992075819.697239 13753745758.932985 9674452462.668016 6468783781.496826 4109099239.327468
274.500000 56959621798.167809 45183211965.067238 35299996314.058449 27294719529.926750 20609981392.448376 15286416353.355528 10964504728.819902 7416874716.922109 4752866281.709052
275.500000 159871025160.412170 117436290718.387451 84506344922.208572 59840265684.320213 41190446395.572380 27774436324.249935 18156729729.585064 11145510396.987272 6635589414.501666
276.500000 391829692218.731201 285682414977.246216 203428913190.666138 141658734907.917572 95214699437.829361 61943996040.062935 38621827364.059608 22038057695.832664 12267850097.211399
277.500000 192007564920.882812 145955421359.385468 109285009644.083374 80833166457.613388 58169573859.444504 41115735405.347092 27976979511.160843 17860734629.704899 10925885997.280966
278.500000 95666645706.803055 78774720410.851089 63962842232.041420 51343737310.328896 40183770914.558472 30864503466.430962 22854746276.788330 15919334157.560070 10486283981.825277
279.500000 27741095594.739059 24040368934.883705 20651277928.272686 17549425730.694561 14550277197.106316 11977258138.198694 9575712842.823486 7316604224.092997 5240381889.200191
280.500000 60540949604.649269 50831441454.361000 42177638104.430756 34542866715.962189 27635924710.230709 21774627722.802696 16599701545.749891 11924473649.015654 8140326852.624638
281.500000 440124397566.845032 334948471636.650879 249880904521.544128 182627148883.045929 129091599910.131699 88389285387.817810 57438507358.049881 33750096741.348301 18964339463.112255
282.500000 31473048592.213261 27022070108.362114 22876931941.169384 19392927689.994762 16122624060.798094 13402679916.848543 10723859974.810429 8519865925.929304 6037054189.633979
283.500000 14889127421.486383 13511812168.715487 12043802638.566664 10781671967.640848 9396580446.448391 8211871183.926082 6881749476.862938 5699892452.514366 4141458125.755106
284.500000 5405781461.415313 5025699883.940205 4567886100.165846 4136801882.259946 3662384539.285860 3176376323.529002 2633820468.575974 2061802926.172015 1406863669.703798
285.500000 1893875626.667672 1746813412.429629 1562345959.842005 1374970817.908912 1202582376.128496 1005526327.564182 811782624.948760 582068798.361797 381008048.799295
286.500000 12210340957.117474 11307729914.593309 10245629709.655178 9337253603.556114 8277394401.659914 7316259169.767541 6234574307.387253 5176002383.370760 3754101007.088917
287.500000 29562687505.695042 26231328365.069996 22842361771.196877 20036088949.792217 17133332694.275167 14702979436.514315 12120410275.987122 9933702529.113310 7245965088.933126
288.500000 55167732433.946785 46233722594.203560 38369102579.155464 31950968461.917477 26143765954.673378 21363285318.886330 16916287616.903919 13161526362.798168 9284398595.377279
289.500000 2082921099256.545898 1466963736498.727295 999789156704.738281 658635786350.432251 416698618758.679565 252215411427.639618 145600722958.736115 75462427012.170929 38901571178.972191
290.500000 5275783949477.346680 3725986629266.461914 2531768033524.909668 1647412178737.159912 1021204926205.287476 592769266889.480591 322654853905.726624 151721998163.075623 71350734070.468124
291.500000 3631948145403.000977 2575235685309.868164 1761798887371.343262 1158895325451.460205 728587854710.807983 432304660833.519409 242216070585.596710 118811894092.938354 58494774500.210556
292.500000 3427016346619.189453 2473711935555.867188 1722618899345.804199 1155323880875.183594 741890739480.092285 449729702253.210327 257286095141.849426 128551823437.805252 64371334794.592796
293.500000 2926973271363.476562 2080022750853.074463 1425646162518.838867 940504704006.361816 594184047731.188721 354926887347.835144 201500056654.123840 101998771374.287109 52292674622.205643
294.500000 869146588385.720825 621837401760.884033 433386776396.587341 295973488058.546570 196635489391.530457 127575416277.925598 80604781096.401154 48017724885.312561 28271565005.512917
295.500000 2310820430232.594238 1631137200567.213135 1111333428816.290283 733156550081.577393 464516187110.281860 281253667663.122314 163896723599.407867 87241050145.026123 46969855713.228722
296.500000 1011046364427.480591 727268671305.958740 506103213572.055115 342692028179.872620 223980274250.157837 141304049366.301697 86230397198.739532 49054342305.794189 27864545828.506821
297.500000 2100951003402.060547 1512676550890.945801 1051972488629.035156 708675128090.905029 458763841594.584412 282992675973.662354 166959062474.040527 89283876978.458633 47976476438.535248
298.500000 750245397740.378784 545615472390.611511 385791203021.131592 267099554955.119873 179926034373.558319 117865881684.826538 75346402351.800583 45496974620.405052 27216476299.268871
299.500000 813173190755.613403 582111411408.470581 407892492256.078552 282172851480.903381 191435275364.644745 128047819653.652863 84230480609.255493 52819657971.189186 32617124902.147236
