#emulator
wavelength i10 i09 i08 i07 i06 i05 i04 i03 i02
180.500000 26855.237251 19300.665234 14979.872174 11259.675427 8105.683755 5506.733699 3188.254732 1742.081077 522.480057
181.500000 36546.733438 26359.733495 20555.676664 15416.857081 11219.572456 7680.348864 4493.186649 2475.442612 753.272953
182.500000 33331.228089 24273.362847 18990.244934 14314.905890 10462.491012 7170.578749 4178.755394 2321.187811 709.077745
183.500000 47317.248492 34632.780452 27175.681541 20865.370195 15415.243730 10814.019472 6421.742623 3628.583567 1133.056119
184.500000 30509.112149 22869.711438 18067.923787 13792.222324 10140.427252 7112.980765 4166.068909 2378.434198 746.687000
185.500000 48010.096175 35309.703552 27863.270974 21399.534726 15837.933280 11062.514632 6545.364175 3719.130297 1165.018520
186.500000 50556.735884 36673.214232 29035.901255 22013.580053 16075.342307 10989.275853 6348.421690 3484.172269 1050.867428
187.500000 36755.695699 26863.350130 20857.361544 15473.262045 11184.632245 7397.279076 4172.886697 2205.696649 644.753878
188.500000 68706.033999 50445.758226 40060.897371 30621.831798 22582.537128 15603.133596 9161.852306 5089.302062 1562.147650
189.500000 135359.821087 100211.673775 79383.457192 61897.754468 45988.606731 32761.236723 19872.531716 11462.622262 3702.412226
190.500000 125973.991055 93302.538401 74445.401190 57191.262732 42262.727902 29658.443436 17776.888479 10247.330351 3281.196293
191.500000 140647.794747 104401.002814 82586.401785 63550.026787 46394.003734 32085.241640 19144.600792 10826.090256 3453.091119
192.500000 78513.896605 56937.131989 43526.716726 32263.557327 22330.328063 14747.079363 8351.598480 4528.217343 1389.026497
193.500000 561.618915 367.431741 258.379673 188.417642 127.064767 91.899279 52.647287 34.400460 19.936069
194.500000 109622.971565 79497.449313 61157.117483 45470.491955 31571.667293 21023.051766 12010.728333 6523.802447 2009.706769
195.500000 288624.279254 216625.198303 172684.011418 132917.474444 98160.247841 68476.742845 41659.895535 23716.404347 7718.441494
196.500000 401162.766675 299425.739603 239735.634815 186891.277731 138745.302916 98880.834789 60734.374766 35231.313890 11590.931079
197.500000 555139.938385 419086.797651 336894.518620 265887.637410 200123.296650 144868.384270 90174.559401 52919.518885 17736.821535
198.500000 565933.779835 430286.449433 347649.573717 272834.041005 205376.579207 148668.561593 92018.261840 53995.821489 18318.682720
199.500000 601648.316803 453170.378106 365054.412431 288203.555450 216501.387818 156299.171783 97252.497968 57564.933413 19542.257144
200.500000 686687.074464 520808.013187 421478.432727 331487.802166 250835.486947 181655.955042 113024.976179 67185.500342 22890.811227
201.500000 889903.947971 676488.575854 545122.427150 430333.025044 324864.420185 236250.355287 147909.954612 87441.703310 29907.467480
202.500000 562233.638700 430367.398864 347754.860876 272905.190132 204732.992091 147440.274124 91540.783210 54146.042672 18722.376418
203.500000 1041303.991581 793058.289569 643630.097432 511725.280642 387402.581577 282581.792464 177744.236194 106773.468484 36719.965225
204.500000 1381261.261491 1051970.981708 855390.617489 681924.891200 517106.136652 379462.046686 240993.228053 144468.988016 49789.668154
205.500000 1617177.674251 1240198.582850 1009595.583648 802862.502817 613474.724407 451539.383793 285882.495020 171746.991400 59735.486441
206.500000 1751677.468895 1350110.392021 1104769.675402 878139.657867 671589.627473 495242.057742 313064.936465 188759.216178 66235.120643
207.500000 715253.680539 532059.277273 423728.603322 331250.550294 244130.065593 175800.388063 112616.623204 70240.814473 28124.748214
208.500000 6421590.573703 5373195.472176 4629426.568582 3938600.386468 3276299.035199 2656349.862540 2026216.962973 1511204.372562 880045.819391
209.500000 26337456.184715 20652618.968921 16645015.959074 13426049.542930 10587650.735408 8111014.032911 5890044.533675 4118889.808046 2317236.623642
210.500000 72066214.110558 50980025.192053 37496933.793505 27907443.549828 20469053.798346 14736137.173184 10139471.893577 6677179.654435 3615164.010112
211.500000 491661950.757535 292758895.051798 180631758.643303 112766782.692127 71477641.102096 45189576.622769 27993976.298933 16763482.991636 8613170.298721
212.500000 146841526.301709 99650357.857794 69684513.593159 49062221.050065 34280784.472368 23585353.989720 15473496.437903 9715172.780313 5010203.984435
213.500000 502828201.467484 310126675.243402 197014896.634035 126244687.497999 81722570.268633 52579383.913323 32976471.753365 20113098.470174 10380675.682093
214.500000 855404611.829863 506109356.161004 309273506.527077 191306438.932445 119781308.752119 74909804.352578 45827589.243940 27110061.963080 13817645.518987
215.500000 461174437.422265 289160115.300184 187721021.670664 123432261.757751 81764438.569150 53572914.010967 34191028.378359 21001664.897797 11012089.610130
216.500000 296418640.817094 198664747.455641 138422180.612077 97202081.960293 68297326.256273 47240582.607625 31501678.039351 20164979.658060 10780629.244513
217.500000 242865925.048619 168977561.314592 121537081.490963 87939876.222919 63327658.796713 44875830.555075 30595298.147865 20088548.882216 11023022.387972
218.500000 1353711977.621430 814869923.404805 503227543.700667 314694802.449558 198333643.383318 124225821.443072 76065419.127572 44662062.005481 22781276.730016
219.500000 824657692.087441 528662420.204359 351526100.987831 236591004.590301 160480930.728520 107470160.764609 69960005.138833 43708984.580768 23391449.442470
220.500000 1032728784.932227 650611363.960069 423487142.848716 278201349.764506 184385283.713356 121506403.220295 78286699.179211 48749866.646221 26059398.568414
221.500000 579117382.653140 394956628.433498 276647952.132956 194196690.753222 135859308.420108 93338062.835915 61856433.426645 39264168.281163 20894819.447315
222.500000 3294068044.298046 2008712480.816213 1235171042.560531 755697837.512009 465176483.425064 283232302.367523 168390955.763916 96430149.702914 48786245.923305
223.500000 3910921003.264352 2360691875.048783 1445333265.346142 888892645.413596 549256294.590316 336768367.635271 202124436.313809 116488919.963921 59898418.890188
224.500000 3126635523.061512 1975171021.127740 1269348929.120004 817456736.143379 528169245.196466 336464492.392614 208298653.834351 123719989.421568 64888226.174216
225.500000 1237051924.434547 854902621.474404 603119706.675312 424765207.724640 298237931.452724 205803401.497389 137082585.158610 87944121.376275 48292111.314805
226.500000 734984838.769336 532838903.236102 394995526.760786 294006682.209060 215556310.921103 155168329.353913 107320509.759941 71523397.533944 39736254.929848
227.500000 459272292.236976 348315001.067474 269417183.490017 208758732.393249 159265229.710139 119029867.313386 85248782.227337 58887386.335876 33884990.951808
228.500000 2104137320.166936 1379749660.233466 928777084.186673 631272297.606144 431595445.675684 290638336.813963 190940073.033156 120403600.076725 65544827.951526
229.500000 870167912.954057 637517985.171817 478602813.492561 357648574.148349 265129135.815957 192685624.816073 134415199.729720 90192954.537729 51010844.430331
230.500000 3271718887.782303 2139402311.293219 1431109056.614050 963156242.332010 650261730.046768 433319972.468075 281007520.086349 175064809.582014 94975514.261437
231.500000 1566077124.777217 1117570424.323576 811729024.080129 586239599.505134 421553047.896717 297247534.149142 201193581.705750 130776514.428984 72250953.501136
232.500000 2156653264.444436 1532278574.263837 1106782811.259568 795457255.972429 567564432.846188 396143506.506790 266392277.796496 171397467.975738 95143029.719427
233.500000 4275191088.015326 3046762011.757289 2178824277.711334 1538788413.769584 1073526957.445025 729970251.118466 477528948.530786 299302218.456938 164440785.491561
234.500000 2450799711.059132 1824966033.606658 1364473379.072219 1003951858.488044 730114107.162082 518625327.926367 352683119.594113 232575046.342323 132103959.672823
235.500000 5677904639.216936 3888208093.175333 2688176458.159174 1851191510.401814 1268786816.359735 853202468.858380 554797649.417541 346486949.913051 190496440.692751
236.500000 2769965616.553086 2048235287.218854 1523403847.724989 1117526457.112809 810439768.683608 574770721.005450 391039497.756294 257038597.032740 144751050.599469
237.500000 2999135990.936696 2177910694.993603 1602869862.420986 1172554962.309718 852634656.427379 606450786.569459 416171595.806493 275421489.987871 157016362.359546
238.500000 2495584308.177726 1940200884.705662 1513392816.182259 1160731708.416344 876433736.426104 648462697.006831 457397358.156335 314816894.884825 185581033.232712
239.500000 3531028862.643970 2654050186.681715 2008829856.613328 1497041985.833997 1102722470.408768 795196865.638605 549889769.745625 368138187.940062 211744724.985639
240.500000 5712289279.116282 4269990661.332259 3192890846.867645 2348354562.870038 1701680552.722220 1202402921.733956 814967584.607199 532871768.257281 303893839.489099
241.500000 3872760229.689115 2943619427.996725 2248303589.131340 1697159141.605121 1264086614.205693 923003231.157559 644883334.439155 437575312.507090 255939319.613320
242.500000 6911511514.448287 4881008687.137674 3490343180.750337 2480682262.954679 1751417817.465213 1216121390.833080 813914340.983810 522590395.578873 293757752.835399
243.500000 5407697570.938977 3982431324.896123 2960618139.246052 2186279269.732293 1596436399.296241 1142584917.937275 787815944.982219 520753146.610685 300176540.590390
244.500000 9685230917.078148 6882888396.626259 4950800050.762281 3541095249.143177 2520732334.041385 1757447459.467669 1184548739.893451 765399253.747032 437662333.537309
245.500000 9130172905.196497 6526145812.862273 4724692427.877412 3410533292.816546 2452357368.677172 1725847505.982869 1175085614.269514 766130599.158393 441082056.663619
246.500000 4421784119.725716 3365402499.867771 2599066355.315478 1985031230.523595 1499744980.963698 1110533923.252725 787837658.703784 537284415.361614 315236132.749380
247.500000 2793992219.522589 2168028671.094732 1704107950.935157 1327603559.143220 1019627635.190205 767644130.623939 551381798.243049 381439774.585030 223388093.000863
248.500000 317281904.403700 265656417.867729 225488984.514474 189870422.571810 151385343.670859 119670918.900981 87509087.072645 61724867.801834 32666298.435911
249.500000 2751509041.547453 2149833134.554135 1697704636.569383 1327256036.497816 1019918854.800014 767895540.386725 552220718.327841 382509266.547962 224529808.094607
250.500000 5731841882.716496 4399685666.924975 3418730676.509400 2625077373.219700 1988654469.203454 1478357149.566008 1051441533.831114 718813008.564712 422842041.522511
251.500000 630882018.061476 548649866.357242 481224310.308847 420035361.101810 353588869.556826 297015052.977575 234094204.239122 182616849.314133 114688906.232974
252.500000 407726120.255505 359827572.019177 320783744.996507 284400662.178466 242641179.015780 205325487.991131 161873350.843712 126341872.431067 76757221.086222
253.500000 2166728298.031917 1909358517.962582 1692164414.987482 1481076829.719922 1273240187.228502 1074353336.929852 864022815.040427 689568730.576084 457397117.653453
254.500000 2445725708.647117 2101840765.096130 1818289887.685905 1556926815.304017 1302240740.781570 1067294090.926054 834711596.040047 638113664.852719 402120930.641746
255.500000 25065268737.169788 19365887346.507389 14884259994.284428 11328738731.411419 8448046656.686638 6151480468.155210 4310712405.464413 2891831946.238457 1692424347.906901
256.500000 24811004037.852413 19511331153.719284 15238304905.594542 11850994911.117218 8996699256.251863 6687786091.355967 4789613477.977216 3282715624.658198 1974370875.421613
257.500000 97032903996.182617 70567866630.821259 50549127840.626816 35265491126.494835 23941018282.228855 15751748163.914965 9853477656.584560 5858383991.397266 3095046127.379999
258.500000 291902912611.071777 213384810964.629395 152169267059.159943 104987193918.823547 69328668025.010880 43853012333.325058 25755289318.889301 13813143983.611294 6593124358.871292
259.500000 95857444911.988419 73958343095.857040 56189649051.299950 41769825062.092506 30105001438.603714 21002554948.502934 13857500083.953943 8548892596.399216 4674704306.650026
260.500000 167586542502.052704 125990081702.094177 93304106753.983231 67355319136.178436 47046879713.910423 31790398954.744244 20233700014.804352 11987572195.619566 6271862626.537312
261.500000 70348594120.825790 54440171416.353127 41667005486.029442 31293293919.804459 22857549628.417686 16251768422.268265 11007866684.543535 7001616081.366629 3946656439.720095
262.500000 145157016838.730835 110160606656.722916 82522070925.968307 60332282740.574409 42799035794.001663 29455503110.889881 19126775587.729225 11536305481.772303 6171519200.958896
263.500000 870729312137.277954 623717094619.595825 433446961627.891113 289127608177.366333 183487857279.561279 110367352320.545105 60818795756.461555 29941375151.665257 13049861050.077635
264.500000 555413300237.449707 389241511284.054077 265190248950.989716 173739822198.840057 109131002673.661499 65386160339.457039 36588354491.813622 18798820789.996357 8766062204.458422
265.500000 2456773763052.809570 1736073774081.264160 1187620943553.230957 770146317494.464111 471000302561.488770 266805223239.015289 136373620454.127304 58701264384.742615 22333414681.674953
266.500000 444556482374.361694 321564985625.523621 227342846070.417908 155750894396.886810 102744142699.290115 65141713131.937645 38828198710.628670 21378919719.958378 10520091736.501902
267.500000 835682934211.194946 599857589724.552490 419185012265.213135 281667715468.662781 181549375486.441132 111662629891.483475 63956919152.670967 33267067820.562321 15542196819.936039
268.500000 1690746266283.851562 1202708922000.759521 828765606280.275635 544728634574.432129 340226540411.632202 199683201377.801453 107006766199.915756 50291396787.329445 20937688095.328068
269.500000 549874707026.460571 393785695551.572937 275702663173.225281 186162538578.063354 121148363445.083710 75441417435.196655 44181918359.925385 23853461521.097523 11638159488.721762
270.500000 795712223436.909180 572061023604.481567 400658391202.890686 270145011106.573944 174681682096.524506 107636933454.577667 61900909169.882622 32465611055.204815 15266294538.054485
271.500000 154645848561.014130 111883775912.412247 79865580219.683304 55771753271.991470 38084362559.720459 25318199727.106468 16222272151.589111 9991400724.948616 5516396774.563368
272.500000 100822850139.807724 76150646931.621399 57118150480.787018 42033771714.466194 30249232306.901783 21236265649.897816 14341968990.343351 9280238948.614874 5369093141.048956
273.500000 83693414009.505798 64642767153.663803 49739335960.324089 37869753031.779167 28298707038.276402 20702783631.848766 14600090174.074682 9913254360.543011 5948849200.311525
274.500000 81077425683.934250 64646042688.074760 51151113746.737892 40069334095.680443 30698735429.898937 22959554033.655846 16602966481.109125 11470070003.568563 6971479370.085944
275.500000 216315305264.640106 161650564266.968719 119301081832.122772 86304742165.661087 61017043116.978630 41983590556.831627 27763277043.437817 17485450050.570019 9845072524.388960
276.500000 490573273339.997559 364525503297.267761 266269252208.403687 189449994859.851166 131111536261.967880 87813093216.436707 55808579605.784081 33300046738.175957 17848043831.818520
277.500000 254177078357.091858 195625147044.939148 149368936953.893951 112249247754.416367 82617749350.424118 59304743413.067902 40919152256.591682 26904854632.289478 15781709717.149912
278.500000 129451374029.069305 106921817663.352081 87970318281.793823 71520507448.370300 56876143187.769753 43999078812.500862 33013386942.254856 23535762085.291893 14992168354.962992
279.500000 37288955342.917679 32487784985.328506 28273624957.351833 24246659316.059414 20519783228.680962 17005581125.142757 13537314900.566896 10664086382.894218 7298436180.952976
280.500000 80028402052.265106 67543251948.517899 56809275287.025444 47147578238.811676 38375110387.686943 30545658213.931534 23416807116.126640 17375631275.211384 11422160147.894369
281.500000 547903303815.255615 421806768066.468628 320434080757.754883 237944591893.511261 171638251615.341797 119902659134.328735 79548985658.148987 48811707679.936668 26802666525.190720
282.500000 59804342530.830292 49058891624.605614 40899811842.215446 33954767783.070854 27912461055.927967 22518945389.622234 17581361997.250984 13286326034.006062 8601634565.972168
283.500000 27569583361.572128 23951117451.157345 21031145094.025581 18289650817.251137 15726814002.921068 13232547177.360243 10706564121.074377 8356809166.080007 5563845244.232950
284.500000 8903080285.157932 7901083263.900089 7050577441.005409 6266792908.700642 5399997233.903596 4586726419.198619 3676979155.920272 2871751416.660439 1784800866.830934
285.500000 2870480328.021913 2498561309.642972 2212894148.875938 1913474862.012508 1625465834.521621 1346545986.214739 1041871926.358455 782642243.573600 457221231.386099
286.500000 21424883346.107845 18988453469.637882 16881766331.194342 15026078413.815781 13105741965.825459 11172735264.622522 9170919987.477949 7283076178.186804 4858209356.899016
287.500000 55084906014.617294 46645791039.958763 40229327278.354576 34211943311.737637 29005397522.879009 24062734929.879444 19211311525.713661 14866571222.707119 9832012733.052834
288.500000 98398833662.142059 79730378632.992493 65342877967.357544 53675137446.497429 43489224433.998749 34821021846.126686 26961550213.518345 20203327487.746056 13135918505.147890
289.500000 2469127888900.532227 1779943332085.267090 1249414904919.198730 845976175388.298340 553213625484.884521 347046777047.282349 204351101092.920380 111274078415.729874 55051344244.622574
290.500000 5988044492238.894531 4326010058863.912109 3029160666089.052734 2033780786008.057861 1302159435916.006836 789664641651.070068 440897479522.140625 220868752629.462006 99942372711.363754
291.500000 4219010491931.347168 3058258822766.921387 2154504330138.844238 1458874838845.212402 948001507593.259277 585567539333.948242 336163932636.308167 174799620222.852081 82484059447.084015
292.500000 3924912073679.667480 2889560844500.664062 2070474964358.213379 1429093046321.512207 945771874401.822754 596591633458.800415 350129885992.117310 185732588925.747284 89608660431.213943
293.500000 3481659136919.943848 2532230853114.768555 1791315326913.137451 1219346203167.450439 798477889180.594238 497150001372.135742 289840408227.840637 154544479447.658142 75164505377.730759
294.500000 1137319800281.491699 831247363621.222290 597633219146.308960 418040002084.128357 285950498518.396423 189661330569.262329 121295629876.420990 73701883044.699478 40818942835.323982
295.500000 2848869043516.382324 2057262993926.812012 1448845312521.279541 984498953069.691284 646468463514.680664 406253120125.137146 241473175402.213470 133664139287.249893 67671430644.618713
296.500000 1286788987583.505615 942665655688.660522 678579363976.863892 472476730607.216248 318761445228.859314 207061357738.680542 128204988282.847122 74467939330.693527 39486773871.255394
297.500000 2595984152825.082520 1904350632726.330078 1365316203121.946777 945614949814.314941 632617770920.607788 404501511913.567261 244054347127.563995 135952686656.077545 68921317082.515640
298.500000 992394125487.731567 733084207077.839478 533778528448.388000 379129951069.874512 262216147851.351776 175931561246.681946 113355263234.600418 69510982295.934586 38917650278.839676
299.500000 1132967975097.352295 825132757752.421021 593091529894.863403 418223780045.929749 290066071039.341919 196388676064.715668 129535675564.591919 81792063443.075027 46937940406.180542
