#emulator
wavelength i10 i09 i08 i07 i06 i05 i04 i03 i02
180.500000 6482.466936 5472.476313 4613.846247 3715.386405 3005.943812 2267.435377 1596.721824 930.357952 389.218805
181.500000 8542.236819 7212.923331 6145.760761 4964.982699 4043.565338 3076.743892 2196.273589 1307.233531 551.353319
182.500000 8154.208940 6925.817640 5890.398003 4788.952375 3906.581879 2968.608555 2117.523710 1260.790098 534.110978
183.500000 11409.979540 9702.753608 8286.118399 6781.522195 5561.905031 4285.996541 3107.873976 1957.952179 850.834032
184.500000 8368.425304 7090.039177 6051.843718 4973.472847 4050.995744 3089.174864 2227.229339 1340.821273 592.365616
185.500000 12198.619680 10355.517262 8872.603876 7271.885749 5952.149453 4565.550998 3324.322179 2049.270228 896.136327
186.500000 12220.426404 10435.564898 8885.949208 7254.220621 5974.640911 4559.907719 3285.635505 1987.446081 840.557684
187.500000 9035.896169 7674.276743 6463.319545 5335.335990 4331.241281 3251.121137 2298.048376 1328.254261 547.461234
188.500000 17241.715517 14724.756824 12524.477524 10319.929285 8494.163983 6497.235240 4714.954619 2897.844697 1240.937788
189.500000 34001.340393 29072.862142 25028.930869 20520.577452 16965.543397 13149.681794 9664.204526 6155.423840 2749.981547
190.500000 33626.768798 28587.165807 24503.452941 20026.464659 16406.810769 12604.940029 9101.639068 5545.706034 2447.239530
191.500000 39187.259054 33428.973508 28563.592585 23167.633348 18973.255368 14345.537865 10138.333170 5876.224049 2565.634210
192.500000 25379.221796 21601.405699 18026.194198 14193.252018 11297.712307 8002.248590 5299.680687 2583.742865 1110.321437
193.500000 464.647351 380.187141 323.121925 246.901050 190.893296 145.758678 116.475038 53.821951 40.146253
194.500000 35050.810701 29950.571766 25115.790532 19753.122959 15845.132160 11289.794984 7491.395745 3685.103827 1585.173992
195.500000 81050.547248 69354.058320 59596.898954 48578.655475 39952.769543 30524.831668 21758.003762 12842.471042 5623.419546
196.500000 109371.195683 93619.871297 80440.318468 65843.119081 54449.298736 41986.338685 30396.248904 18830.404111 8393.558652
197.500000 148427.333922 127256.356380 109421.112535 90415.592587 75121.334334 58683.658537 43347.749869 28134.135192 12828.221922
198.500000 156376.733699 134165.184403 115346.526820 95115.308999 79227.417287 61561.396818 45214.933275 29171.616757 13256.702750
199.500000 164693.771542 140756.811841 121334.416882 99846.250992 82725.170640 64659.324114 47575.045565 30935.588131 14200.964529
200.500000 192945.219941 165111.100227 142163.854468 117054.588302 97286.007535 75708.631466 55699.589244 36182.218321 16703.234542
201.500000 250930.986544 214647.653006 184786.583070 152151.780781 126504.854126 98331.612853 72320.478975 46749.601271 21635.367808
202.500000 178218.607641 152191.374630 129917.852822 107074.461422 87736.300616 67536.966754 49030.438148 30448.421215 14260.566074
203.500000 299419.677675 257330.886910 222171.010675 183640.634143 153043.683777 119595.539950 88172.722518 57898.810696 27025.887835
204.500000 395188.293548 339471.805580 293215.839948 242838.029622 202899.353108 159130.147926 117890.682817 77673.453057 36405.292239
205.500000 463430.992205 398612.696856 344228.956783 286260.091164 238717.325404 187781.756263 139243.923140 92288.033926 43331.224671
206.500000 511289.028499 440158.148018 380522.359474 316409.645660 264242.833261 207539.657156 153880.831133 102146.897370 48168.822315
207.500000 264262.399770 229577.286261 196547.980429 160583.387107 132055.134501 98417.292762 70799.035495 42183.748733 20928.971899
208.500000 2523838.904497 2304039.019799 2064506.147740 1817782.118116 1588699.545659 1350043.891440 1108716.900089 886937.001741 585712.667024
209.500000 10576285.641242 8759050.872000 7240910.429474 5915551.699280 4758814.576464 3793898.158333 2885384.916945 2168012.561019 1404486.211200
210.500000 32895813.603656 23848414.525571 17701836.987157 13163328.778536 9727786.072558 7095422.953562 5007112.872853 3443843.741749 2101126.362419
211.500000 290799553.342158 165812696.563961 97298190.487352 58601306.317220 36237754.656010 22803175.181894 14212127.272282 8543534.473746 4802662.224536
212.500000 78103054.253123 52367404.309671 36002852.564921 24884482.620773 17249887.816289 11805846.352120 7896212.330551 5007670.617582 2920389.291950
213.500000 300122947.977951 177600256.152801 107860579.945492 66875721.209751 42339111.537443 27040139.865284 17079306.618145 10342482.038982 5890799.727996
214.500000 525117103.536183 297043383.005377 172469065.121898 102925085.299106 62845470.868098 39003017.786212 23901362.303158 13998447.542999 7778067.641237
215.500000 277432088.671689 168285749.464878 105011743.302941 66895336.980168 43333947.618046 28137172.750698 18034284.502007 11053567.632460 6354895.353439
216.500000 160920330.525727 106281314.818780 72179186.280595 49795208.642585 34572536.968048 23920657.316822 16152532.995705 10521296.277009 6284680.079165
217.500000 129353236.988954 89174238.461989 62729102.085452 44579890.599378 31733948.605483 22575014.465491 15615956.816594 10510154.270521 6412456.933570
218.500000 876540522.797868 506051493.404597 297971174.525485 179748080.147390 109947641.174468 68047135.584139 41300341.353740 23629528.841439 13019781.126837
219.500000 469488352.108022 294292028.535056 190391474.321975 125424115.108413 83688243.074885 55865767.291525 36564242.890695 22999966.720547 13466126.657919
220.500000 600701690.645021 365567739.401415 228230095.436320 145406202.659396 94674685.892567 62237355.214869 40439328.264159 25488806.202253 14961917.336744
221.500000 325838199.906546 219059185.914405 150086504.043212 103523753.707773 71373043.711862 48773382.360836 32640280.241119 20863705.563044 12341355.124814
222.500000 2272513113.842660 1324234879.941938 774015971.509476 455163778.040393 268896709.772804 160568072.285045 94177683.471721 51908051.561657 28149949.413855
223.500000 2788255948.646326 1611922371.518217 937408013.050357 552074691.142898 328128313.419157 197430838.048806 116475766.727807 64176795.746535 34904707.194453
224.500000 2166989796.578342 1320976104.788847 813835360.798021 506497454.859738 315687643.313301 196899148.537945 119808731.150105 68086315.712521 37858737.075874
225.500000 760159703.967650 515331287.316568 353954129.128864 243653414.089682 167178260.159056 113537783.659164 75380277.884969 47765448.813227 28590610.333330
226.500000 388863718.046784 284060533.608599 209276317.400398 153908891.689495 112265652.951135 80858684.182616 56382686.991711 38183840.608357 23547928.434262
227.500000 238794003.034746 183015939.876861 141689129.453035 109007975.081385 82993440.810854 62466395.185950 45441037.204344 32323050.513226 20650901.469428
228.500000 1296680818.709093 827975252.756495 541097078.276166 358594959.243578 239834262.329149 160273388.219213 105180251.343542 65888745.219189 39079570.100059
229.500000 481104881.790768 352753353.184655 261597444.708832 193451463.464043 142064135.159932 102996527.752095 72530608.018383 49381617.284430 30848407.555990
230.500000 2082679894.587883 1324795023.859647 858721260.311388 562519131.264064 370553097.425656 243801334.629751 157246604.571352 96426057.743359 56559656.026970
231.500000 939748673.829560 660264897.713544 468907731.592839 332390196.998853 234621225.482028 163636980.834230 111767282.112229 72544114.354064 44210187.112822
232.500000 1335870392.821186 934840235.188353 659727714.927645 464562184.221407 324206084.809206 223137896.249256 149859808.845246 95392244.454629 57287567.266881
233.500000 2952161541.450449 2061996942.199140 1433321414.073147 984793590.069353 664624301.298100 440709638.829701 282856807.190505 169486509.766251 98330377.796996
234.500000 1654147052.970997 1209550424.194471 880612976.753057 632228126.940780 446261551.012934 309024237.102814 208260140.990371 132304533.171762 80677636.929273
235.500000 3847101699.501919 2571103344.207965 1725882805.228408 1158127467.193827 769457515.912173 507097651.471618 325231980.834146 196089894.456675 114564742.090176
236.500000 1788744171.612920 1300711701.884033 943659514.770377 677683962.178007 479615743.188824 333600612.146249 225767631.531605 145162656.731164 88545570.885018
237.500000 1860491752.465693 1331756920.948306 957344234.398170 686119336.672649 488505593.442405 343602031.581206 235649994.340114 155116445.343576 95792611.065179
238.500000 1656318714.417684 1268366688.063709 966039619.066130 724039129.813277 533189753.163935 384195547.117752 270067912.199572 180524728.636642 114693832.684061
239.500000 2324999528.728659 1721202260.749289 1269200436.260588 925969658.152122 665174878.609301 469223064.110782 322137363.145917 210394150.954129 130706868.654176
240.500000 3987181139.082306 2926645329.315690 2129349488.472060 1526581359.752896 1072171074.970259 737370439.739658 491775962.781245 308241684.040263 186055294.653436
241.500000 2582003467.828602 1933971916.478981 1446301915.567543 1066878947.384389 775405798.719206 553115116.705051 384250120.685786 253920922.207407 159658903.711402
242.500000 4596931448.214997 3186563871.943317 2222374828.759486 1545631314.536860 1066960279.323904 727311663.149344 483529607.011222 302709272.856972 181931547.265536
243.500000 3475473224.725503 2528129488.604824 1845679960.070852 1336805638.930234 958866226.180435 675324754.577221 464364842.328005 302780848.014563 187913205.553446
244.500000 6468876144.915056 4518430548.994506 3172688808.484131 2223778291.897108 1542639607.123511 1056506152.836695 704443739.451984 444531187.992149 269814266.172074
245.500000 5928437969.823618 4178048502.449695 2963325139.664989 2099827626.828438 1474975174.707391 1022378342.761255 690852589.040486 444263898.342249 272558733.008197
246.500000 2636571309.308274 2009521738.577940 1532806747.150538 1157864801.257899 863795742.967142 634177551.099093 452004762.458697 309628822.069083 197795434.888387
247.500000 1611695775.978364 1257122289.505618 981853802.167605 758597586.328473 578497039.312208 435075150.386776 318026270.495271 222157904.659499 144414097.204414
248.500000 167877188.803452 146508904.323835 127050977.380058 107783434.011611 90136364.865617 72821054.176568 56826319.697634 38882643.500932 24803523.879220
249.500000 1661999247.195927 1300208647.054138 1016516697.350393 786190530.765151 599074639.370550 449219258.017102 327273850.478087 227008151.560230 147260817.556810
250.500000 3480974250.306923 2672527007.804715 2051369389.766593 1556255570.624331 1164895381.918264 858864657.197585 614277563.175985 421286943.578103 270272288.797113
251.500000 367403744.224881 326845815.775931 290753127.903162 254125740.772424 219918205.965093 186318637.707829 154673800.463837 120328276.439285 86462150.856844
252.500000 233984572.735656 214017829.941348 194323626.215099 172929995.092250 151879849.082747 129804752.940848 108096010.061019 82630394.911052 57814554.413360
253.500000 1292537240.580417 1146234039.591668 1012825614.277795 880727818.058600 754659598.527363 636435285.508867 520637832.960371 418159623.566701 302700572.432617
254.500000 1398710895.483597 1214900187.206731 1050662567.920769 894579928.327836 749141034.368305 617622100.871798 491649582.463246 380216633.582053 266003902.324667
255.500000 18239292890.234497 13869080480.164349 10476843860.108442 7784767742.134042 5663212724.064490 4023756731.235441 2765552710.961267 1770933174.768411 1091817805.067613
256.500000 17889720930.966232 13871231560.913784 10695680835.251278 8125500302.999786 6056424498.297152 4406589514.688136 3101325345.879779 2032548405.864752 1279239861.510390
257.500000 79565205598.419342 56276435717.614059 38930540870.556000 26233649607.283672 17117268471.849146 10777818130.080759 6553060696.300848 3621073215.106825 2009307436.204601
258.500000 263680479252.609680 188084666691.786774 129751781006.150833 86333255014.557419 54915808754.249374 32921869400.049305 18609857113.885757 8967842212.794151 4428437230.880351
259.500000 80123963260.750565 60585982412.644737 44999619702.491203 32579451843.704384 22806805892.009834 15384162420.727957 9837406454.275726 5586810812.957295 3145114553.921779
260.500000 139141447448.872040 102179886745.941177 73606862438.940979 51664339126.792458 34966167580.725296 22735396771.908401 14031366447.391142 7642338051.838543 4132236927.628651
261.500000 55540046625.859062 42124296305.553497 31510844637.939346 23077249147.536861 16428322087.553526 11326255818.213852 7475530423.131210 4464013505.141452 2608733128.914744
262.500000 117547453285.477814 87345551973.026062 63910802349.204224 45627861594.845161 31508117409.581985 20973104069.471478 13234606683.746695 7440321369.003773 4099827320.302916
263.500000 796773254101.056274 556074541746.392334 372885241221.220215 239005667543.977478 145731320663.482635 82521795996.174438 43652530508.747803 19050972241.105846 8705768251.086514
264.500000 483340938682.532410 328871222397.175659 215219744251.735962 135056111760.077362 80832770296.250549 45691096736.506104 24570737638.801373 11526644450.852699 5675551663.624019
265.500000 2276907584988.959961 1570753895604.953125 1031291530190.779175 638655314318.582275 372688198412.493225 197289851694.548584 95393660358.211884 35767187070.252182 14483268662.545275
266.500000 385494059066.728760 271660408729.870209 185927283317.789642 122986260891.052109 78112991462.316803 47133612537.327736 27116068501.150745 13634799423.916893 7018017134.836701
267.500000 745385749823.025513 520764521083.278564 351494966869.720825 228046685260.665924 141296822007.167908 82528946224.599548 45515834408.238464 21537969127.769703 10514508257.036470
268.500000 1533524604602.192139 1061125338643.386719 703946649602.403931 444661635100.225525 266098915039.117432 146889992501.405762 75297694339.541489 31430334455.870632 13853056925.847879
269.500000 473791255698.307129 330482093469.546082 222739199276.859314 144974996855.380432 90326176161.050491 53399964286.396706 30106290787.370869 14912778625.250780 7630447448.239501
270.500000 707451956796.517578 495501677112.674622 334596503490.588623 217260269878.553650 134776021328.037903 78738855293.963425 43503371152.491127 20703478884.152050 10233681327.114273
271.500000 119301466440.950012 83818496026.368668 57755022793.773003 38768887820.206665 25454921149.832382 16302763318.915800 10226180967.863039 6037721682.135300 3574446143.402084
272.500000 75758430944.091782 56047829526.798439 40806061142.465584 29041491774.226879 20256235618.780479 13756918447.915689 9113481759.002832 5712053017.671405 3504099412.429595
273.500000 60484757656.122887 45908430469.467987 34596684170.056686 25671342151.467224 18740150183.105427 13401140249.140715 9323137487.089342 6147548168.099529 3903638415.580415
274.500000 57509260966.709557 45228903919.664803 35234293544.079506 27002235694.222168 20312776137.060787 14888481256.169971 10573517067.939066 7064707051.097934 4525341395.131297
275.500000 164322304691.652313 119674786250.421402 85765169782.326569 60186372784.460976 41162604398.223396 27401564218.618507 17701873372.787231 10653725780.263100 6334438617.807693
276.500000 405599972166.992188 293843203406.243347 208506157481.626099 144283926059.476929 96461110717.591385 62117052810.944084 38362796578.498116 21348807139.043430 11913452652.069975
277.500000 196962392114.755035 148569143590.658936 110849165590.289566 81368472680.043167 58261806399.349220 40755736246.062065 27453196570.784946 17219005876.917210 10515304680.880173
278.500000 96698275495.776138 79120146569.371597 64121568496.920036 51114209385.375443 39892118295.223511 30368530106.519981 22293031654.222237 15327109576.242411 10075262981.299969
279.500000 27591911821.474411 23767403812.628220 20381233751.291084 17179255987.663797 14252669272.096659 11595786546.697300 9208912103.475866 6989902889.825912 5048099769.882267
280.500000 60839083134.937164 50786741857.616501 42069929271.690689 34211438713.888874 27344382513.046654 21333990626.523041 16148856694.095423 11475129592.532093 7873856088.765639
281.500000 451587790309.716370 341698898701.080017 254204230884.531769 184822424140.966156 130165357317.634583 88435484283.651581 57042198898.417122 32770883380.748360 18513394863.017460
282.500000 30642342102.077759 25871682724.484341 21852177184.157692 18258503702.311977 15104092378.201244 12381882917.123461 9788177387.835302 7778391293.918640 5492838785.090296
283.500000 13766647164.245277 12334614334.399841 11010500474.656437 9730263128.022034 8479647369.648852 7344119515.740956 6126667691.554355 5145890630.821085 3778265151.749004
284.500000 4789931260.388362 4429867826.572883 4074226938.592973 3680059589.741017 3296437453.308949 2869335241.062476 2395700816.540764 1900813981.506855 1326709359.810364
285.500000 1679773960.504420 1544249723.325596 1401698537.528996 1235053754.289250 1095541316.848299 922538462.477715 752022603.123258 537176844.423911 362901286.270559
286.500000 11032648789.536713 10118833972.300594 9211321215.290794 8323363746.071170 7409857945.832157 6527304917.115159 5571345891.362247 4717311556.647079 3482219414.236096
287.500000 28201018314.719208 24642526818.339005 21443970986.777485 18533017739.767242 15792538306.791662 13377133015.528557 10930682569.146204 9006963930.262098 6590599310.705651
288.500000 54246278479.442200 44740990433.987793 37021799804.242271 30416302961.242496 24771622241.953571 19984848776.615913 15654020992.181225 12169479694.193048 8556196557.606826
289.500000 2169697856114.387695 1520233504598.086426 1032865298990.734009 677078313640.199341 425949340287.122375 255394966067.502655 146162763693.146179 73464901025.498291 38161154335.972321
290.500000 5505645146162.952148 3873470005092.525879 2626427755577.747070 1703766357046.389893 1051618442951.489624 605669945102.290894 327455662327.067383 148464672279.587952 70693941960.865829
291.500000 3784565668811.290527 2671738052229.228516 1823260325520.919189 1194616234375.685791 747474529923.828125 439695864220.411682 244454380378.477264 115851281374.917175 57559378288.083565
292.500000 3566533111818.352539 2563972377978.179199 1781345444793.918457 1190403297178.941650 761182543920.889526 457741267538.375366 260011447607.000519 125633342215.806213 63533341268.584991
293.500000 3045135632636.607910 2153400443597.566895 1472156821452.249756 966206429729.008423 607048102551.682373 359027173329.343750 201815037105.399078 98955769016.520401 50977799506.598587
294.500000 897310689734.798340 636988761518.554932 442103458988.864075 299239868353.877808 197280693540.641785 126361974348.410461 78856129948.726654 45961947455.407410 27034719791.064747
295.500000 2403396462668.750488 1686675009473.938477 1145641229121.889404 750700308882.015625 472389189837.910095 282730647209.169495 162839448388.673859 84235318436.548019 45423140073.450623
296.500000 1041914441714.573730 744081386083.488159 515902458482.999146 346354341236.821411 224644237092.399353 139817513687.334259 84213014623.682968 46676204342.699013 26576580691.975132
297.500000 2175972199477.631104 1557249123504.792480 1079720696572.969360 722672713799.085083 464839897931.149597 283540794376.577332 165400427156.986145 85875996169.817337 46216867457.604416
298.500000 772088079718.078979 556920732683.744263 392167311254.157776 268953660088.179626 179717875466.567780 116118317894.681488 73242751904.274704 43265605158.609383 25848587719.217342
299.500000 838878895840.786133 594503114282.356201 414446100794.069763 283600779828.663086 190691841968.776611 125780442956.292801 81619556852.934082 50278051301.943077 30903088600.553486
