#emulator
wavelength i10 i09 i08 i07 i06 i05 i04 i03 i02
180.500000 25181.329757 17994.200390 13785.344182 10519.399081 7521.431040 5161.060396 3001.725021 1634.793894 470.562868
181.500000 34490.796496 24733.585960 18993.758619 14453.214305 10435.699377 7210.053594 4239.783257 2329.880025 681.641601
182.500000 31290.087607 22574.530675 17424.913270 13326.123132 9669.353208 6701.000445 3926.585258 2177.168782 639.959691
183.500000 44970.267802 32613.793106 25211.369343 19559.152908 14307.113607 10098.975741 6049.164704 3414.770202 1030.943861
184.500000 28306.001700 20935.941824 16369.289445 12699.667065 9255.052255 6573.053462 3891.422112 2219.777063 673.915831
185.500000 45199.419732 32956.871325 25622.550045 19904.699185 14586.924606 10284.327643 6137.103260 3485.379004 1055.346003
186.500000 46945.631568 33655.280182 26209.751444 20130.989239 14591.446169 10114.708197 5932.340335 3264.075183 950.333499
187.500000 33038.136563 23623.694757 18234.263110 13750.789381 9909.375106 6693.440827 3882.196287 2054.032487 577.593269
188.500000 64172.502907 46454.509889 36334.224962 28060.857699 20542.015127 14366.559773 8560.715921 4768.797690 1414.577207
189.500000 129968.268024 95266.833969 74236.696476 58225.664327 42834.398784 30648.677756 18697.303384 10782.517818 3367.892019
190.500000 120628.994053 88576.197864 69487.129718 53869.702894 39470.185703 27850.571787 16678.408474 9572.396251 2943.715399
191.500000 134438.101959 98650.543524 77040.318270 59776.750677 43323.354982 30129.879983 17882.392758 10031.091320 3058.653612
192.500000 72656.379305 52265.731329 39807.631905 29706.955502 20481.028346 13510.239317 7560.190416 4002.887364 1174.194148
193.500000 440.658220 277.648382 190.848521 138.383847 92.787606 66.169122 39.560804 25.814634 16.561429
194.500000 102170.276107 73655.330604 56339.241339 42126.896671 29107.405106 19339.244118 10898.510028 5779.845968 1701.568978
195.500000 277545.383884 206145.003209 161919.988264 125663.985565 92062.328010 64543.890972 39017.914503 22035.692335 6858.613798
196.500000 389056.734543 287673.974519 226624.823108 177467.821138 130561.394603 93276.393557 57121.638315 32960.511651 10400.066505
197.500000 540433.483469 403096.808964 318281.429349 252097.818036 187642.016720 136118.517616 84969.704589 49864.578788 16135.448372
198.500000 548130.632813 411730.088952 326643.851288 257983.490489 192102.840092 139512.996779 86555.949232 50770.403519 16625.043613
199.500000 583369.710472 434835.864065 343972.065779 272705.205603 202689.812193 146722.430832 91466.739219 54120.115136 17728.301635
200.500000 665722.636055 498270.354489 396460.168490 313254.151865 234473.696020 170260.670493 106202.327165 63139.168412 20775.590194
201.500000 864662.093555 647973.298512 513579.901087 406914.089199 303908.152664 221484.636221 139003.032725 82203.188189 27157.370038
202.500000 538415.052890 406566.608810 324234.234844 255899.909964 190335.063876 137543.785841 85394.330484 50371.097948 16803.114634
203.500000 1010987.314058 760285.914249 606699.676270 483640.630390 362252.847064 264684.623354 166803.305651 100201.288917 33284.280609
204.500000 1346871.088719 1012390.803746 809090.806274 646240.656293 484604.263796 355920.789477 226479.349994 135773.848196 45179.150175
205.500000 1576669.945345 1192312.646540 953059.987280 760837.909787 574507.854113 423403.965278 268614.553506 161592.228306 54335.277555
206.500000 1703964.900918 1294212.537729 1039855.123670 830074.303459 627379.357772 463641.077152 293819.052040 177536.386388 60276.660897
207.500000 666210.776782 492855.567048 390379.606711 304806.953019 223560.641399 160240.239332 101975.354364 62977.548008 24429.301412
208.500000 6569560.464083 5506250.394135 4733947.107823 4035714.687212 3349399.312023 2708863.994081 2051725.300343 1513625.354056 850455.961732
209.500000 28675219.871977 22465672.418252 18015428.540205 14544523.351361 11413457.755443 8717762.592780 6277338.132966 4336473.119153 2352562.634923
210.500000 80377098.902059 56847097.418589 41516505.672933 30828088.421520 22460098.318386 16116172.385677 11003710.206371 7167871.473834 3741976.365141
211.500000 556769377.987913 333018810.462843 204697246.109788 127392896.914056 80094126.754295 50407658.796603 30924363.013824 18347159.182809 9128620.000150
212.500000 163117971.901817 110863573.559390 77101221.234406 54162282.765340 37581600.688934 25781833.152228 16779375.611225 10430803.164072 5200101.260617
213.500000 565104733.397833 349912041.374222 221451140.164860 141447189.547355 90853549.055447 58197129.076415 36179733.746556 21861296.444777 10963409.177503
214.500000 967700363.938894 575216242.640035 350244654.018276 215959562.711361 134149584.145141 83536804.864375 50637642.800385 29716970.379566 14698820.914864
215.500000 516855129.798302 324841439.866263 209891580.730561 137572246.710148 90506327.654704 59091572.606726 37433356.205305 22801162.191578 11600558.447970
216.500000 330618729.211808 221833508.711395 153739961.646286 107652980.945803 75139636.933094 51800624.845708 34270792.792496 21725583.334969 11233720.289806
217.500000 269203904.815717 187485311.415581 134185668.415977 96929714.168627 69399866.298639 49033694.078319 33202548.996965 21586612.475464 11476195.806934
218.500000 1521538617.996392 919154350.293757 565426349.336382 352503489.538318 220677431.799915 137740861.949234 83716339.066927 48834184.128283 24219823.816120
219.500000 927236185.076378 595909842.131314 394066825.914179 264331094.544152 177966024.415745 118719035.302603 76694879.786575 47509612.878104 24622248.797397
220.500000 1159769826.932327 733440754.554310 475489764.094369 311488925.505573 204895891.207738 134417143.296830 85823173.430651 52926242.285572 27405164.986807
221.500000 641287528.020634 438217520.086941 305477444.213575 213882887.011356 148682445.396802 101818149.251431 66986312.431109 42114167.910947 21718519.578862
222.500000 3670298277.561824 2248152840.842411 1379647353.134432 842496568.940430 515963053.343319 313241986.466364 184967332.610148 105257328.282061 51917238.324689
223.500000 4355629876.455883 2637942776.980989 1610727892.308406 988363868.419923 607632143.159330 371707487.968494 221903427.750632 127336243.482179 63970858.798908
224.500000 3467571793.580142 2196945171.937668 1407451956.346488 904445452.757031 581727529.061221 369936259.082350 228087827.709917 134854850.390256 69196366.766611
225.500000 1364156657.992746 944911202.145343 664107054.097284 467010627.803645 326331914.431087 224790950.680275 149081521.926267 94982605.430509 50859492.503573
226.500000 811602856.539216 589189730.223285 434727543.650043 323232135.226143 235763621.489503 169322712.816904 116435946.402979 76910366.186353 41485647.282434
227.500000 500993724.662271 379967986.187338 292386837.412802 226310278.357169 171869244.417807 128118256.942070 91299979.242056 62480552.739882 34956104.031211
228.500000 2342637909.039491 1539659280.529369 1031438552.538487 698989525.127596 474931165.215174 318761003.979973 208069677.453871 130234978.304545 68949609.292725
229.500000 953994761.671615 699447068.086622 522581023.987872 389939038.267673 287646991.468824 208550431.430711 144649462.464592 96219612.116672 52894787.354913
230.500000 3635004648.845642 2383412938.638490 1587661794.773160 1065744408.087338 715426098.349475 475357033.324346 306496914.849280 189727728.097274 100228782.716748
231.500000 1713094171.147313 1224226826.883359 885470166.231239 638337134.720871 456708920.068278 321223818.709874 216055025.606564 139281856.100125 74764926.097502
232.500000 2363140962.926749 1682017716.163120 1210590437.988881 868925556.173879 617324136.013199 430143967.949515 287917055.344394 183995654.507323 99503003.732304
233.500000 4649533727.438920 3323953911.246979 2373374866.295808 1675896704.652647 1166384046.957052 793011731.449473 517974370.327038 323136213.302922 174510940.420834
234.500000 2642730065.611751 1972789465.240427 1472827014.137536 1083435148.400902 785855644.342493 557960553.363850 378938972.376255 248440962.834959 138911098.318364
235.500000 6229298509.933904 4277468772.802924 2948643029.283577 2027742419.166671 1384464293.487186 929598096.409637 602468907.356736 374282084.827255 201547041.941228
236.500000 2999340553.806668 2223669330.917766 1650576046.361437 1210494735.683476 875205528.822249 620028251.405841 420630396.563871 274774860.002722 151476251.956623
237.500000 3267960342.396029 2378243178.964611 1744703359.988724 1275038480.825044 923599659.454192 655641368.289255 448092997.391970 294402026.537318 163935896.683532
238.500000 2671922975.741410 2081917583.254747 1621664484.812264 1243936560.879232 936804928.435855 692831775.235000 488281079.059672 333809759.358425 194114422.504069
239.500000 3807819635.703346 2868775528.717137 2167557643.046210 1614851408.910182 1186125058.701505 854580282.171387 589895210.621501 392453724.910434 221762300.677513
240.500000 6152865790.621213 4612514855.393772 3445638520.141191 2534742960.749632 1833207938.457707 1295270331.690842 877446111.098673 571017556.030907 320850635.454678
241.500000 4167737970.098904 3173549307.482904 2418642915.280427 1825165439.813778 1355236633.974272 988896826.191160 689702031.138303 465125358.118556 267769016.421162
242.500000 7539267258.478475 5332770012.965280 3800401237.536412 2696047919.539764 1895524499.904550 1313615261.149590 875474098.013172 558973267.377690 307290426.986600
243.500000 5870570927.121390 4328829687.337893 3207587582.626005 2365831776.947811 1720646171.398221 1229396558.999573 844266041.695847 554627597.113726 312520709.153676
244.500000 10575173715.920279 7528995096.471354 5397577549.938093 3855432220.517851 2734213046.116263 1903448770.251639 1278561276.314758 821901861.132160 459812113.456640
245.500000 9974353743.913927 7140029052.613461 5149517790.120250 3711298327.317657 2658057893.125012 1867126428.670640 1266155488.188318 820586765.122543 461611126.982311
246.500000 4786178716.181413 3644334513.312393 2803735484.691121 2139233860.000056 1609470868.854345 1189539376.602448 839499142.704032 568226169.917328 324913236.627947
247.500000 3003798642.932028 2329029721.685319 1822562129.795361 1418099772.471251 1084042118.340283 813894303.522931 580758210.305613 398605544.467210 226971906.492496
248.500000 318856350.972686 265168250.641601 223980782.299965 188417870.637005 149219342.054637 117569795.150694 85103031.415946 59547046.439635 30609043.347521
249.500000 2941919267.289671 2296773098.438998 1807160814.870801 1411368579.924236 1079999244.188472 811272511.012613 580308633.711232 399260081.100840 228420616.622459
250.500000 6183568818.824541 4747408015.698446 3675882503.147934 2819861280.840942 2127696960.840605 1578506586.890174 1117089508.011137 758542726.318917 434543375.802245
251.500000 634658500.668824 548735810.778782 479415986.867676 418186908.685630 350043503.630246 293508510.614858 230576300.681299 179047763.349790 110833175.567832
252.500000 401174284.876714 351902320.585206 312734491.427869 277628870.489694 235875082.142197 199349929.444427 156973721.377762 122047444.442525 73077945.941232
253.500000 2252809099.578422 1984953095.718657 1756508648.568482 1539190160.762442 1321643364.865574 1114872929.258783 897641902.943311 712393103.026773 467055176.903285
254.500000 2561440167.939389 2200555783.809298 1899058048.856656 1627394823.203630 1357793021.489659 1111875973.295834 867926557.753916 659178736.628357 407395918.547141
255.500000 26804193796.671368 20769868262.736576 15949069639.545563 12148076111.016897 9044347617.292381 6589017756.854700 4611677907.557349 3082247738.666346 1780499939.415612
256.500000 26481990115.875950 20889536852.661858 16301303824.026232 12687209078.524099 9616802992.185287 7154660672.280238 5121619419.963129 3498743529.017320 2083866918.820427
257.500000 103745477591.659576 75723431730.237915 54280632574.053947 37926390867.920685 25725028798.387653 16947454545.884363 10583051636.035500 6276107310.451258 3271569510.581118
258.500000 309047210477.279480 226394205461.123230 161670713882.502594 111670614544.205765 73731901729.438583 46763910825.501282 27464087431.437965 14731366032.288975 6974109583.936188
259.500000 101242340760.819977 78332152718.985352 59564961474.171806 44320384103.262802 31946883915.207001 22329035248.561211 14750421011.885044 9098059517.064543 4947705752.214738
260.500000 177675815536.262817 133992362955.198517 99338486235.809433 71817813744.984726 50162410241.202110 33975471876.145718 21631404751.653496 12815875815.057188 6643361162.271256
261.500000 74511082634.845520 57832247226.333176 44283701213.475410 33290225892.247883 24302021606.002872 17300093025.300171 11719446073.077679 7437731403.514365 4156301278.426883
262.500000 153924554120.209351 117186594056.063568 87858448114.757660 64297055689.059616 45595404400.658417 31424581795.958759 20400224873.087540 12286418719.567057 6509672031.453932
263.500000 923021587445.131104 662685373830.426758 461347738442.944336 308135309553.276733 195597034918.020142 117997062452.083603 64965623914.989601 31986139781.159657 13791701150.091772
264.500000 593879091935.542969 417677045281.822632 285014374851.899231 187099426215.912872 117514308319.239594 70555075766.141937 39378811819.733788 20173331348.898014 9255614819.844324
265.500000 2606984882368.574219 1846400246071.221924 1266396642124.872559 822882964930.200806 503777332615.181335 286400099313.316772 146252392854.195068 62940668861.353569 23602614961.239868
266.500000 473485635701.139587 343604712385.437195 243201664451.387421 166849443916.383881 110009294030.310455 69888941998.546478 41595885832.818405 22861832377.621265 11106471805.918247
267.500000 888192581242.710205 639452539454.449951 447501364488.395630 301129205816.973206 194069126115.355682 119616473784.594376 68398438190.264938 35524888544.293274 16384135661.725756
268.500000 1795183270663.289062 1280516660513.441895 884300456919.890625 582222487414.671143 363842790380.183472 214149556426.799622 114561411170.388611 53797228726.514122 22068054203.227661
269.500000 586533940880.919067 421452125872.051880 295441813233.361450 199826054401.102936 129988323505.494125 81078767211.422958 47379202074.341118 25506518977.816338 12250795937.226713
270.500000 845928680320.140259 609917155042.009888 427779983991.205383 288860378827.539673 186776621352.962738 115317714090.608124 66201828236.066322 34662620378.092102 16078679590.429089
271.500000 165919604784.754822 120481802690.431335 86010065404.225632 60142913387.859306 40984406857.692413 27238668815.626282 17367116947.824150 10633892118.223684 5751375203.004061
272.500000 107533738205.670151 81412358887.359909 61041065770.441612 44957775721.483063 32297880939.741261 22678598992.465973 15266270274.977758 9827652273.823906 5573977941.831889
273.500000 89328803043.127182 69170913876.763931 53160820621.220886 40494571680.926338 30196313828.924763 22087862439.102779 15533543203.212502 10496969228.962263 6187612662.746516
274.500000 86169419686.177139 68912952189.078125 54504441636.708176 42740723112.757004 32700013146.622074 24468988434.372013 17668855201.617069 12164709962.701469 7278504669.123434
275.500000 231392030359.271637 173581115177.566803 128156064030.550598 92839767765.293442 65547276322.506027 45138948189.679115 29759943051.948334 18662507198.112438 10318298054.608292
276.500000 522056624370.995483 389213195181.689270 284517308041.451843 202702323193.523102 140191532197.706940 94050971454.360382 59676812569.667526 35543361225.162109 18792266885.429779
277.500000 270643791562.679291 208972218730.066986 159564861097.287781 120034397126.497833 88262862057.483978 63415864703.340378 43707951750.310196 28667782765.665199 16596041105.905005
278.500000 136649588109.335327 113185692944.060196 93131938540.339828 75839767048.020996 60305040719.208923 46736700195.538559 35119309256.068092 25003023657.149380 15776675220.692108
279.500000 38740756102.161011 33788415339.791756 29383867300.029865 25204067715.898071 21294618602.935493 17662633816.092861 14089640692.703186 11064073308.055958 7564251438.695389
280.500000 83711071214.105225 70790627786.431519 59514562451.392410 49442282298.252571 40209166126.282181 32042111002.830799 24606697426.432365 18215950355.904133 11927455494.659941
281.500000 578853235289.931641 446791211141.458435 339568094698.674011 252322134150.607941 181918839148.667145 127184444405.021423 84329215789.570007 51660722438.711876 28052903347.831612
282.500000 64860607877.974037 53213799132.715576 44140951450.945168 36633543064.998489 29973248838.528736 24101727862.917526 18703521311.293209 14001266835.421621 8803650538.092657
283.500000 29220702222.515732 25338881786.818005 22158669563.400421 19264006932.554291 16496396040.327122 13824356604.153522 11094370542.875431 8574369573.993325 5529561158.440825
284.500000 8942720745.913898 7897920610.000216 7009831453.248614 6227457752.678479 5342081598.863359 4516239264.387548 3597622446.365196 2788111143.397320 1686460518.379712
285.500000 2765908821.679068 2390194339.969958 2106295427.364055 1819444978.871068 1539786296.113371 1270501449.774101 980730540.041064 731766935.343448 420818357.377789
286.500000 22319981310.468044 19729325743.881733 17460337327.950447 15530212095.021326 13488150146.277487 11448079386.713264 9317504662.678787 7334915503.058446 4738943678.259112
287.500000 59178283657.015190 50031585717.160995 42959204907.154724 36535457039.230591 30843005224.140732 25500040475.295776 20208895033.589794 15494299661.182442 9937320003.889612
288.500000 106301987569.394211 86186567676.925598 70304507825.434250 57695345964.387733 46501779112.577721 37128882904.127663 28574856453.067673 21226826335.302689 13448971756.248772
289.500000 2622799467618.496094 1895988372864.715576 1332371817384.521973 902990723995.327148 590153770299.028564 370636997659.989624 217561121950.903290 118187458247.185425 57632100122.607079
290.500000 6333730070748.414062 4586122383063.837891 3216400616924.834473 2161943536193.878418 1384026030704.687500 840925767259.239746 468278350906.831116 234298855178.397705 104604460385.976868
291.500000 4471014899438.672852 3249290405300.951660 2292244097579.577148 1553896621970.575439 1009452872928.277344 624557265406.402344 357548845156.689392 185589173417.599945 86309785547.881119
292.500000 4146659613319.069824 3059632072851.529297 2195213980102.014893 1516557723369.310303 1003480506032.578003 634001588793.757446 371250286863.486328 196639735747.252960 93664646274.755371
293.500000 3698394697040.209473 2698631991708.042480 1912098605410.667480 1303900261413.253906 853790465178.996094 532567265994.357605 309551529710.490723 164510389262.886719 78689737619.667557
294.500000 1216526840784.900146 892582758037.494507 642136735730.838867 449869692060.487610 307238023749.883728 203770851311.137299 129662500201.673126 78366223255.440781 42518856082.980881
295.500000 3040679650115.942871 2204331875528.479980 1554776881410.885742 1058544273533.643921 694703246595.444214 437135509682.047791 258721154522.126221 142508393270.078125 70767751852.917389
296.500000 1371692270585.485107 1007715156786.272217 726047504031.712524 506319660031.560181 341117450546.375793 221544783170.816803 136424485618.798676 78705386429.322815 40761974437.155350
297.500000 2763283991333.648926 2033593337918.009277 1459661079491.857178 1012662286766.849854 677028477108.036621 433437621957.392883 260526907802.423309 144487919948.672485 71832820395.261322
298.500000 1061101518802.012329 786419152750.181519 572772158780.239868 407382252843.844360 281233337108.085815 188670626986.996338 120891826141.460449 73666468851.918396 40330237452.907379
299.500000 1221244148339.395752 893412992844.709961 641868564673.649902 453100729960.371704 313344982538.558655 211929485497.428558 138818818907.708679 87072479574.823685 48779552552.016518
